"product","income","percent","cumulative_percent","categories"
15,2800,23.16,23.16,"A"
14,1500,12.41,35.57,"A"
16,950,7.86,43.43,"A"
11,900,7.44,50.87,"A"
7,800,6.62,57.49,"A"
19,700,5.79,63.28,"A"
6,650,5.38,68.66,"A"
4,600,4.96,73.62,"A"
18,600,4.96,78.58,"A"
17,450,3.72,82.3,"B"
5,400,3.31,85.61,"B"
10,370,3.06,88.67,"B"
13,360,2.98,91.65,"B"
9,250,2.07,93.72,"B"
3,200,1.65,95.37,"C"
2,150,1.24,96.61,"C"
8,120,0.99,97.6,"C"
1,100,0.83,98.43,"C"
12,100,0.83,99.26,"C"
20,90,0.74,100,"C"
